I111111111111011111111101111011111111111111110111111001000111111111111101011011111101111111111011111
1111111111111111101101101111111111111111111101111111111111111111011011111111111000111111111101111101
1101111111011111111101111111111111111111111101111111110111101111111111111111111101111111111110111101
1111111111111101111111111111111111111111101010111111111111111111111111111111111111111111101111111111
110X111111111111111111111111111011011011111111110111111111110111111110111111111110111100110110011111
1111110111111111111111111111111110111111111111111110111111101100111111010101111111110111101111111110
1111111111111111100111111111111111110111011011111111111111111111110110111011111111100101111111101111
0111011111111111110111111111111111111111111111111111111001111111111111111111111111111111111111111101
1011111111111111111110111101111111110111111111111111111101111111111111111111111110111111111111011100
1011111111111110111111101111111111111101011110111111111111101111111111111111111111010111111111111010
1111111111111110111101010111111111111111111111111111111111111111111111111110101111111101111101111111
1110001111111111110111111111111111111111111011111111111111111111111111111111111111111111101010101011
1111111111110111111111111111111111110111111111110011011101110111111111111111011111111011110111111011
1011111111111111011111101111111111111111011110111111110111111110111111101111011110111111111111111111
1111011111111111111111111111101111111111111101101111111101111111111011111001111111111111111111111111
1110111111111111111110011101111111111100111111111111111011111111111111011111011111111111111111011111
1111111111111111111111111111111101111111011101011111111111101110101111111111111111111111111111111101
1111101111111100111111111101111111111111101111111111110111101111011111111111111111111111111111111111
1111101111110111110011110111110111111111111111011110111111111011111111111111111110111111110111101111
1101011111101111101111101111111111111111011111011111111111111111111111111111111111101111111111111111
1101111111111111111110100111111110111111111111111011111110111111111111111111111111101111101111111111
1111101111111111111111011111101111110111111111011111111111110111101101111111111111101111111111111111
1111111111110111111100011110110111111111111111111111111111111111111011111111111110111011111011111111
1111111110111011111101111111011111111111111110011111110111011111111111111111111111101110111111011111
1111111110111111111111111101110011111011011111111110111111111111111111111111111101110111111111110111
1111111100111111101111011101111111111011101111111111111111111111110111111110010101011111111111111111
1011101111111111101111111111111111101011111001111111110111111111111111111111110111111101110111111011
1111111111111111101111111111111111111111110111111011111111111111111111111111111111111110111111111110
1111110101101011111111111111110001111111111111111101111111110111111111111111011001111111111111111111
1111111111111101010011011111111111110111011111111011111111111010111111111111111111111111111111101111
1111111111111111011111111111111111111111111111111111111111111101111111110010111111111111111110111111
1111111101111101111111111101101111111111111111111111011111111111111111011111111111011111111101111111
1111111111111111111111111111111110111011101111111111111111111111111111111111100110111011010111011101
1111011111011111101111101110110111111111101111111111101111110011111101110101111111111111111111111011
1011110101111111111111111011101111111111110111111111111111101111111111111110101111111111111010111111
1111111101101011111111111111111111111011111111111110111110100111111101111111111111111100111111011101
1111111111011111111111111111111111111111111111111101111111111101111111111111111110010111111111011111
0111011111111111111111111111111111111111111111111111111111111101111011111011111110101111111111111111
1111111111111111111111111111111111110111111111111111111111110111111111111111111111111111111111101111
1111111011111111011111111111111111111011111111111110111111110111011111111111101011111111111111111101
1111111111111111011111111011111111111111111111111111111111111110111111101111111111011111111111110111
1110111111111011111110101111011111111111111011111111111111111011111111101111111111110111111111111111
1111111111111011111111111111111111111111111111110111011111111111010111110100111101101011111111111111
0101111110111111111111111111111111111110111101111011111111101111111101010011111111011111111111111111
1111111111111111111111111101111111111101111111111111111111011111111110110010111111111111111111111101
1101111111101111011011111111111111111111111111111111111110110111111111111110111111111111111101111111
1111111111111011111111101101101111110111110111011111111111111111111111111111111111111111111111111110
1111111011111111111111111110111111110111011111111111111101111110111111111111011110111110111111111111
1111011111111111111111111111111111111111011111111110111111011101011011111111101111111111101111111111
1011110011111111110111111111111111111111111101110101111111101111111111001101011111111111111101111111
1111110111110111111111111111111111111111101111111111111111111111111111011110011111111111111111111111
1111110111111100111111111100111111111110111101111011001111001011110110110101111111111111111111001111
1111111101110111111111011111011111111111111111111111111111111111111101111111111110111111111111110111
1111111111111110011111111111011111011101111111111111111111111111111111111111111111111111111110111111
1111111111111111111111110110100110111111111111110011011111111111111111111110111111111111110111111011
1111111111111111111110111011111111111111111110011111111111101110111111111111111011111111111111111110
1110101111111111110110111011111110111111111111111111111101011101110111111111111111111111111111001111
1111111110011011111111111111111110011111111011111111110111111101111111111111111011111111111111111011
1111111110111110111111111111111011111111101110111111111111111011111011111110111111111111011111111111
1011100100111101111111011111011011111111101111111111111111111111101111111111111111111111111111111111
0110111111111111111111111111111111010111101111110111101110101111111111111111001100111111111110111111
1111111000111011011111111111111110111011111111111111101111011111111011111111011011111111111100111111
1011110011111110111111111111111111110111111111111111111011111111111101111010111111111111111111110110
1101101111111111111111111111111110111101101111111111111111111111111111111111010111111101111111111111
1101111101111111111111111111011101111111111011011011111111111111111111111111111111111011111110111111
1111110101111111111111111111111111111111111011011111111111111101111111111111111101111011111111111111
1111111111111111111111111111111111111110111111110001111110101101111110111111001111111111111111111101
1111111111110111111111110111011111111111111111111011111011101011111101100111111111111111111101111101
1110101111111111111111111110111111111111111111111111011111011111111111111111111111011111111111111111
1111111111111001111111111111111011111111111111111111111111111111111111111111111011011001111111111111
1111111101111111111111111111111011101101111011110111111111101111101111111111101111111110111111111111
1110111111111111111110111111111111101111111111101111111011011011011111111111100111111111111111111111
1110111111110110111101111111111111111101111101111111111111111011111111111111111111111111011011111111
0111111111101011011110111111111111101111111101111111111111111101111101111101111101111111110111101111
1111011111111011111111011111111111111111111111111111101111111110111111111111110110111111111101011011
1111111111111111111111111111111110111110111111101111101111111110111110111110111111111111111111111111
1111101111111111111011111111111111111101101111111110111011111101111111111111111101101111111011111111
1111111111111100101101111101111111111101111111111111111111111111111111111101111110011111011101111101
1101111011111111011111111101111111111111111111011110111111111111111111001111111101111111111111011111
1111111111111111011111111111101101111011111101111111111011111111111111111111110111111111111101001111
1111111111110011111111111111111111111111101011111111110111110110101111001111111111111111111111111111
1101111110111111111110110111111111111111101010111110111111111111111111111111101111110111111111111101
1111011110110111111111101100111011010111111111111111101111110011011111111111101111111111111111111111
1011110111111111110101101111111111011111111011111111111111110111111111111111111111111111111111100110
1111111111111111011111101111111111011101111111111111111111110101111111110111111111111101110111111111
1011011101111111011011101111111111111111110110111101111111110111111111110011111111111110111111111001
1111110110110111111111101111111111111111111111101111111111101111111110111111111111111110111011111111
1111111111011111111101111110111111010111111110111101111111111111011101111111111011111101111111111111
1111110111110111111111111111111111111110111111111011111111101111111110101111111111111111111111111111
1011111111111111111111111111111111111111111111011111111101011111010111111101111111111111110111111111
1111101111111111111111111011111111110111011110101110001001111110110111011111111010110111111111111111
1111101100111111111111111111111111111111101011111111111101101110111100010111111111111111111111111111
0111111011111101111111111111111110111110011110111111111101101111101111111111011111101111111111101111
1101111111111011110111101111110111111111111111111111110011111111111111111111111101111111111111111111
1111101111111111111111110111110100111101111111111111111111111101111011111110111110101111111111111111
1111111111111111111111011111111111111111111111110111110111111100101111111001111101111111111111101111
1111111011111111101111111111111111111111111111111011111111111111111111111111111111101111101111111111
1110101111111111111111111111101111101111111111111111111111111111111111101101110111111111111111111111
1011111111011111101110101011111101111001101111111111101111001110101111111111111111111111101100111111
0101111111111111111111101111111111101111111101111111111011111111111111111111011111111101101100111111
